[gd_scene load_steps=5 format=3 uid="uid://bea3c2ji0la15"]

[ext_resource type="Script" path="res://Main/TestScript.cs" id="1_htyov"]
[ext_resource type="PackedScene" uid="uid://cqvhghgw72hrv" path="res://Main/Prefabs/Sandbox/Geometry/PhysicsCube.tscn" id="2_y3p7f"]

[sub_resource type="PlaneMesh" id="PlaneMesh_ffmi0"]

[sub_resource type="BoxShape3D" id="BoxShape3D_cfnm2"]
size = Vector3(16, 1, 16)

[node name="Main" type="Node3D"]
script = ExtResource("1_htyov")

[node name="DirectionalLight3D" type="DirectionalLight3D" parent="."]
transform = Transform3D(-0.617664, 0.566081, -0.545934, -0.00617194, 0.690671, 0.723143, 0.786418, 0.450028, -0.423109, -10.638, 13.9349, -7.70286)
shadow_enabled = true

[node name="DirectionalLight3D2" type="DirectionalLight3D" parent="."]
transform = Transform3D(0.887994, 0.336308, -0.313628, -0.00617194, 0.690671, 0.723142, 0.459813, -0.640211, 0.615388, -10.638, 13.9349, 12.6165)
shadow_enabled = true

[node name="DirectionalLight3D3" type="DirectionalLight3D" parent="."]
transform = Transform3D(0.0964253, -0.827615, 0.552952, 0.0106048, 0.556363, 0.830872, -0.995284, -0.0742531, 0.0624242, 18.5745, 5.96518, 0.477017)
shadow_enabled = true

[node name="SceneObjects" type="Node3D" parent="."]

[node name="Cube 1" parent="SceneObjects" instance=ExtResource("2_y3p7f")]
transform = Transform3D(1, 0, 0, 0, 1, 0, 0, 0, 1, 0, 0.613722, 0.925949)
mass = 20.0

[node name="Cube 2" parent="SceneObjects" instance=ExtResource("2_y3p7f")]
transform = Transform3D(1, 0, 0, 0, 1, 0, 0, 0, 1, -0.38113, 0.616827, -1.34049)

[node name="Cube 3" parent="SceneObjects" instance=ExtResource("2_y3p7f")]
transform = Transform3D(1, 0, 0, 0, 1, 0, 0, 0, 1, -5.37806, 0.944416, -0.197491)
mass = 10.0

[node name="StaticBody3D" type="StaticBody3D" parent="SceneObjects"]
collision_layer = 2
collision_mask = 7

[node name="MeshInstance3D" type="MeshInstance3D" parent="SceneObjects/StaticBody3D"]
transform = Transform3D(8, 0, 0, 0, 8, 0, 0, 0, 8, 0, 0, 0)
mesh = SubResource("PlaneMesh_ffmi0")

[node name="CollisionShape3D" type="CollisionShape3D" parent="SceneObjects/StaticBody3D"]
transform = Transform3D(1, 0, 0, 0, 1, 0, 0, 0, 1, 0, -0.5, 0)
shape = SubResource("BoxShape3D_cfnm2")
